18.1522	0.0257085
54.4567	0.00107119
90.7612	0.00022954
127.066	7.65134e-05
163.37	0
199.675	7.65134e-05
235.979	7.65134e-05
272.284	7.65134e-05
308.588	0
344.893	0
381.197	0
417.502	0
453.806	7.65134e-05
490.111	0
526.415	0
562.72	0
599.024	7.65134e-05
635.328	0
671.633	0
707.937	0
744.242	0
780.546	0
816.851	0
853.155	0
889.46	0
925.764	0
962.069	0
998.373	0
1034.68	0
1070.98	0
1107.29	0
1143.59	0
1179.9	0
1216.2	0
1252.5	0
1288.81	0
1325.11	0
1361.42	0
1397.72	0
1434.03	0
1470.33	0
1506.64	0
1542.94	0
1579.25	0
1615.55	0
1651.85	0
1688.16	0
1724.46	0
1760.77	0
1797.07	0
1833.38	0
1869.68	0
1905.99	0
1942.29	0
1978.59	0
2014.9	0
2051.2	0
2087.51	0
2123.81	0
2160.12	0
2196.42	0
2232.73	0
2269.03	0
2305.33	0
2341.64	0
2377.94	0
2414.25	0
2450.55	0
2486.86	0
2523.16	0
2559.47	0
2595.77	7.65134e-05