21.3617	0.0200904
64.0852	0.00229187
106.809	0.000487632
149.532	4.87632e-05
192.256	0.00014629
234.979	0
277.703	4.87632e-05
320.426	0
363.15	0
405.873	0.00014629
448.597	0
491.32	0
534.044	0
576.767	0
619.491	0
662.214	0
704.938	0
747.661	0
790.385	0
833.108	0
875.832	0
918.555	0
961.279	0
1004	4.87632e-05
1046.73	0
1089.45	0
1132.17	4.87632e-05
1174.9	0
1217.62	0
1260.34	0
1303.07	0
1345.79	0
1388.51	0
1431.24	0
1473.96	0
1516.68	0
1559.41	0
1602.13	0
1644.85	0
1687.58	0
1730.3	0
1773.03	0
1815.75	0
1858.47	0
1901.2	0
1943.92	0
1986.64	0
2029.37	0
2072.09	0
2114.81	0
2157.54	0
2200.26	0
2242.98	0
2285.71	0
2328.43	0
2371.15	0
2413.88	0
2456.6	0
2499.32	0
2542.05	0
2584.77	0
2627.49	0
2670.22	0
2712.94	0
2755.67	0
2798.39	0
2841.11	0
2883.84	0
2926.56	0
2969.28	0
3012.01	0
3054.73	0
3097.45	0
3140.18	0
3182.9	0
3225.62	0
3268.35	0
3311.07	0
3353.79	0
3396.52	0
3439.24	0
3481.96	0
3524.69	0
3567.41	0
3610.14	0
3652.86	0
3695.58	0
3738.31	0
3781.03	0
3823.75	0
3866.48	0
3909.2	0
3951.92	0
3994.65	0
4037.37	0
4080.09	4.87632e-05