3.30845	0.0171278
9.92536	0.0236767
16.5423	0.0183873
23.1592	0.0136015
29.7761	0.0148609
36.393	0.0123421
43.0099	0.00730452
49.6268	0.00906769
56.2437	0.00579324
62.8606	0.00528948
69.4775	0.00453384
76.0944	0.00453384
82.7113	0.00226692
89.3282	0.00100752
95.9451	0.00226692
102.562	0.00176316
109.179	0.00025188
115.796	0.00100752
122.413	0.00075564
129.03	0.00025188
135.647	0.00050376
142.263	0.00075564
148.88	0.00050376
155.497	0.00050376
162.114	0
168.731	0.00025188
175.348	0
181.965	0.00075564
188.582	0.00025188
195.199	0
201.816	0
208.432	0
215.049	0
221.666	0
228.283	0
234.9	0
241.517	0.00025188
248.134	0
254.751	0
261.368	0.00025188
267.985	0
274.602	0
281.218	0
287.835	0
294.452	0
301.069	0
307.686	0
314.303	0
320.92	0
327.537	0
334.154	0
340.771	0
347.387	0
354.004	0.00025188
360.621	0.00025188
367.238	0
373.855	0
380.472	0
387.089	0
393.706	0
400.323	0
406.94	0
413.556	0
420.173	0
426.79	0
433.407	0
440.024	0
446.641	0
453.258	0
459.875	0
466.492	0
473.109	0
479.726	0
486.342	0
492.959	0
499.576	0.00025188
506.193	0
512.81	0
519.427	0
526.044	0
532.661	0
539.278	0
545.895	0
552.511	0
559.128	0
565.745	0
572.362	0
578.979	0
585.596	0
592.213	0
598.83	0
605.447	0
612.064	0
618.68	0
625.297	0
631.914	0
638.531	0
645.148	0
651.765	0
658.382	0
664.999	0
671.616	0
678.233	0
684.85	0
691.466	0
698.083	0
704.7	0
711.317	0
717.934	0
724.551	0
731.168	0
737.785	0
744.402	0
751.019	0
757.635	0
764.252	0
770.869	0
777.486	0
784.103	0
790.72	0.00025188