8.1834	0.00627965
24.5502	0.00583838
40.917	0.00397145
57.2838	0.00332652
73.6506	0.00302102
90.0174	0.00342835
106.384	0.00257975
122.751	0.00241003
139.118	0.00210453
155.485	0.00210453
171.851	0.0016972
188.218	0.00173115
204.585	0.00166326
220.952	0.00179903
237.319	0.00176509
253.685	0.00159537
270.052	0.00142565
286.419	0.00128987
302.786	0.00112015
319.153	0.000984377
335.519	0.000780713
351.886	0.000509161
368.253	0.000712825
384.62	0.000678881
400.987	0.000577049
417.354	0.000882545
433.72	0.000644937
450.087	0.000678881
466.454	0.00033944
482.821	0.000407329
499.188	0.000407329
515.554	0.000407329
531.921	0.000271552
548.288	0.000135776
564.655	0.000237608
581.022	0.00016972
597.388	0.00016972
613.755	0.000135776
630.122	0.000305496
646.489	0.00016972
662.856	0.000203664
679.222	0.000101832
695.589	0.000203664
711.956	0.000101832
728.323	0.000135776
744.69	0.000101832
761.056	0.000101832
777.423	0.000101832
793.79	6.78881e-05
810.157	3.3944e-05
826.524	0.000101832
842.89	6.78881e-05
859.257	6.78881e-05
875.624	0
891.991	6.78881e-05
908.358	3.3944e-05
924.724	6.78881e-05
941.091	0.000101832
957.458	3.3944e-05
973.825	0
990.192	0
1006.56	0
1022.93	3.3944e-05
1039.29	3.3944e-05
1055.66	3.3944e-05
1072.03	0
1088.39	0
1104.76	3.3944e-05
1121.13	0
1137.49	0
1153.86	3.3944e-05
1170.23	0
1186.59	3.3944e-05
1202.96	0
1219.33	0
1235.69	0
1252.06	0
1268.43	0
1284.79	0
1301.16	0
1317.53	3.3944e-05
1333.89	0
1350.26	0
1366.63	0
1383	3.3944e-05
1399.36	0
1415.73	0
1432.1	0
1448.46	3.3944e-05
1464.83	3.3944e-05
1481.2	0
1497.56	3.3944e-05
1513.93	0
1530.3	0
1546.66	3.3944e-05
1563.03	0
1579.4	0
1595.76	0
1612.13	0
1628.5	0
1644.86	0
1661.23	0
1677.6	0
1693.96	3.3944e-05
1710.33	0
1726.7	0
1743.06	3.3944e-05
1759.43	0
1775.8	0
1792.17	0
1808.53	3.3944e-05
1824.9	0
1841.27	0
1857.63	0
1874	0
1890.37	0
1906.73	0
1923.1	0
1939.47	3.3944e-05
1955.83	0
1972.2	0
1988.57	0
2004.93	0
2021.3	0
2037.67	0
2054.03	0
2070.4	0
2086.77	0
2103.13	0
2119.5	0
2135.87	3.3944e-05
2152.23	0
2168.6	0
2184.97	0
2201.34	0
2217.7	0
2234.07	0
2250.44	0
2266.8	0
2283.17	0
2299.54	0
2315.9	0
2332.27	0
2348.64	0
2365	0
2381.37	0
2397.74	0
2414.1	0
2430.47	0
2446.84	0
2463.2	0
2479.57	0
2495.94	0
2512.3	0
2528.67	0
2545.04	0
2561.4	0
2577.77	0
2594.14	0
2610.51	0
2626.87	0
2643.24	0
2659.61	0
2675.97	0
2692.34	0
2708.71	0
2725.07	0
2741.44	0
2757.81	0
2774.17	0
2790.54	0
2806.91	0
2823.27	0
2839.64	0
2856.01	0
2872.37	0
2888.74	0
2905.11	0
2921.47	0
2937.84	0
2954.21	0
2970.58	0
2986.94	0
3003.31	0
3019.68	0
3036.04	0
3052.41	0
3068.78	0
3085.14	0
3101.51	0
3117.88	0
3134.24	0
3150.61	0
3166.98	0
3183.34	0
3199.71	0
3216.08	0
3232.44	0
3248.81	0
3265.18	0
3281.54	0
3297.91	0
3314.28	0
3330.64	0
3347.01	0
3363.38	0
3379.75	0
3396.11	0
3412.48	0
3428.85	0
3445.21	0
3461.58	0
3477.95	0
3494.31	0
3510.68	0
3527.05	0
3543.41	0
3559.78	0
3576.15	0
3592.51	0
3608.88	0
3625.25	0
3641.61	0
3657.98	0
3674.35	0
3690.71	0
3707.08	0
3723.45	0
3739.81	0
3756.18	0
3772.55	0
3788.92	0
3805.28	0
3821.65	0
3838.02	0
3854.38	0
3870.75	0
3887.12	0
3903.48	0
3919.85	0
3936.22	0
3952.58	0
3968.95	0
3985.32	0
4001.68	0
4018.05	0
4034.42	0
4050.78	0
4067.15	0
4083.52	0
4099.88	0
4116.25	0
4132.62	0
4148.99	0
4165.35	0
4181.72	0
4198.09	0
4214.45	0
4230.82	0
4247.19	0
4263.55	0
4279.92	0
4296.29	0
4312.65	0
4329.02	0
4345.39	0
4361.75	0
4378.12	0
4394.49	0
4410.85	0
4427.22	0
4443.59	0
4459.95	0
4476.32	0
4492.69	0
4509.05	0
4525.42	0
4541.79	0
4558.16	0
4574.52	0
4590.89	0
4607.26	0
4623.62	0
4639.99	0
4656.36	0
4672.72	0
4689.09	0
4705.46	0
4721.82	0
4738.19	0
4754.56	0
4770.92	0
4787.29	0
4803.66	0
4820.02	0
4836.39	0
4852.76	0
4869.12	0
4885.49	0
4901.86	0
4918.22	0
4934.59	0
4950.96	0
4967.33	0
4983.69	0
5000.06	0
5016.43	0
5032.79	0
5049.16	0
5065.53	0
5081.89	0
5098.26	0
5114.63	0
5130.99	0
5147.36	0
5163.73	0
5180.09	0
5196.46	0
5212.83	0
5229.19	0
5245.56	0
5261.93	0
5278.29	0
5294.66	0
5311.03	0
5327.39	0
5343.76	0
5360.13	0
5376.5	3.3944e-05
5392.86	0
5409.23	0
5425.6	0
5441.96	0
5458.33	0
5474.7	0
5491.06	0
5507.43	0
5523.8	0
5540.16	0
5556.53	0
5572.9	0
5589.26	0
5605.63	0
5622	0
5638.36	0
5654.73	0
5671.1	0
5687.46	0
5703.83	0
5720.2	0
5736.57	0
5752.93	0
5769.3	0
5785.67	0
5802.03	0
5818.4	0
5834.77	0
5851.13	0
5867.5	0
5883.87	3.3944e-05