12.4977	0.038507
37.4932	0.000833485
62.4886	0.000166697
87.484	0
112.479	0
137.475	0
162.47	0
187.466	0
212.461	0.000166697
237.457	0.000166697
262.452	0
287.448	0
312.443	0
337.438	0
362.434	0
387.429	0
412.425	0
437.42	0
462.416	0
487.411	0
512.407	0
537.402	0
562.397	0
587.393	0
612.388	0
637.384	0
662.379	0
687.375	0
712.37	0
737.366	0
762.361	0
787.356	0
812.352	0
837.347	0
862.343	0
887.338	0
912.334	0
937.329	0
962.325	0
987.32	0
1012.32	0
1037.31	0
1062.31	0
1087.3	0
1112.3	0
1137.29	0
1162.29	0
1187.28	0.000166697